[[0.0, 84.0, 161.25, 122.4355391624507, 101.77499999999999, 118.5464518659247, 179.89166878985807, 235.4183956426185, 203.2625, 190.2754094603727, 234.67106300628546, 274.73549562519884, 300.4375, 272.364339638919, 308.0342639671401, 324.8094999380405, 396.75, 358.6586506084162, 383.9049208869951, 396.46875, 450.7405774528181, 456.82353058921996, 465.42658024655185, 549.2354392201148, 542.5677895433896, 529.7664301442783], [84.0, 0.0, 77.25, 188.36077625463852, 117.18527131214059, 93.4375, 107.6393297661222, 153.98123110057927, 186.55794644777933, 190.325, 177.87920761010827, 199.19198026025043, 264.8012255683496, 290.6625, 262.4295173232233, 256.3246494248607, 344.1118185730339, 399.04999999999995, 347.97723009705044, 327.12276968335976, 505.99999999999994, 427.8077371904346, 405.7048536574956, 600.5875, 506.32661853763614, 475.32986079405947], [161.25, 77.25, 0.0, 256.2367235720603, 176.56551767332715, 106.89686764587631, 91.13749999999999, 86.39077099146645, 226.5570126921698, 173.5188750539837, 192.625, 139.20920702422126, 292.27500026729956, 251.0189654327824, 293.25, 195.4024070845711, 363.2352675199814, 335.20848736271574, 388.41249999999997, 253.95753712788775, 425.24547988485415, 485.87499999999994, 316.68735444046376, 526.4250797314965, 583.9124999999999, 388.7011981079944], [122.4355391624507, 188.36077625463852, 256.2367235720603, 0.0, 82.75, 168.5, 251.75, 319.25, 120.70312754854365, 192.86086305935686, 269.5841705293543, 333.1984733702272, 187.64802958681042, 243.7220298054732, 313.8256807033541, 362.7740784996221, 261.21731088682543, 310.2576872536762, 364.1069593024829, 414.43749999999994, 385.2465616734949, 428.94270833333326, 455.9954855176748, 467.674637675596, 507.91478305365786, 516.2358838324297], [101.77499999999999, 117.18527131214059, 176.56551767332715, 82.75, 0.0, 85.75, 169.0, 236.5, 101.48749999999998, 121.2688129734929, 188.36077625463855, 247.54046000659727, 198.66249999999997, 193.21024868084115, 245.80799480997354, 282.7127778221628, 294.975, 276.4884767540552, 310.6032192509082, 344.449390785497, 365.8354313380069, 382.3256978778859, 398.8489583333332, 463.6920870173438, 465.57442340081354, 458.6821125548474], [118.5464518659247, 93.4375, 106.89686764587631, 168.5, 85.75, 0.0, 83.25, 150.75, 119.66014504629351, 96.88749999999999, 116.12461114036077, 165.16157098807824, 190.17758148635704, 197.22499999999997, 190.4570899835445, 206.26304807211588, 266.4745974968554, 305.61249999999995, 272.7991528171922, 273.84161937148997, 412.5625, 347.77107481576957, 343.1805328467802, 507.15, 425.5896637020217, 410.1610775353994], [179.89166878985807, 107.6393297661222, 91.13749999999999, 251.75, 169.0, 83.25, 0.0, 67.5, 183.6091318024515, 113.82651410150449, 101.48749999999998, 91.55265049412824, 234.83016203205239, 184.5315098431701, 202.11249999999998, 143.1502768345646, 300.07200490049047, 265.93437506324324, 297.275, 199.72418655346786, 358.09172358489377, 394.73749999999995, 270.01187965763654, 458.5803199549671, 492.775, 341.4558417277409], [235.4183956426185, 153.98123110057927, 86.39077099146645, 319.25, 236.5, 150.75, 67.5, 0.0, 244.50994391560258, 166.5591134740156, 94.99979605241268, 54.625, 284.21509085360617, 214.8367177940028, 156.14742195378216, 106.94999999999999, 333.80743372863935, 284.0573479853046, 223.57303057390448, 162.14999999999998, 357.65907300109126, 277.9875121021906, 215.04999999999998, 436.38683014614446, 335.1330575308855, 265.9375], [203.2625, 186.55794644777933, 226.5570126921698, 120.70312754854365, 101.48749999999998, 119.66014504629351, 183.6091318024515, 244.50994391560258, 0.0, 86.75, 176.0, 244.25, 97.17499999999998, 123.01890225692955, 195.79570227982532, 255.28804027400975, 193.48749999999998, 195.71184973066903, 243.40383175393927, 294.7913745949672, 282.1410480716062, 310.6933580327948, 335.29235796913116, 374.6872237280048, 391.4236994613381, 395.43229166666663], [190.2754094603727, 190.325, 173.5188750539837, 192.86086305935686, 121.2688129734929, 96.88749999999999, 113.82651410150449, 166.5591134740156, 86.75, 0.0, 89.25, 157.5, 121.0036479305479, 100.33749999999999, 124.53918183648065, 169.91321544026528, 189.71639246599773, 208.725, 193.62951142662234, 223.18057781200403, 315.67499999999995, 265.3941526296312, 278.1232115111035, 410.26249999999993, 347.52626541924855, 339.4910206839055], [234.67106300628546, 177.87920761010827, 192.625, 269.5841705293543, 188.36077625463855, 116.12461114036077, 101.48749999999998, 94.99979605241268, 176.0, 89.25, 0.0, 68.25, 190.2055323360758, 119.83692174159009, 100.625, 90.13843693175511, 238.8076376762267, 195.9913582278565, 195.78749999999997, 149.24356207325152, 285.0398025934272, 293.25, 217.10353752747653, 378.5526352520214, 391.28749999999997, 281.62099893476625], [274.73549562519884, 199.19198026025043, 139.20920702422126, 333.1984733702272, 247.54046000659727, 165.16157098807824, 91.55265049412824, 54.625, 244.25, 157.5, 68.25, 0.0, 252.41563806602346, 175.7828938812022, 101.89408716898146, 52.324999999999996, 291.9895607913254, 229.9688029113949, 152.2482784180169, 107.52499999999999, 286.2357018808974, 204.24360837612517, 160.42499999999998, 354.4587007082946, 266.2753151844205, 211.3125], [300.4375, 264.8012255683496, 292.27500026729956, 187.64802958681042, 198.66249999999997, 190.17758148635704, 234.83016203205239, 284.21509085360617, 97.17499999999998, 121.0036479305479, 190.2055323360758, 252.41563806602346, 0.0, 85.0, 170.5, 235.25, 96.3125, 124.53918183648068, 191.60307482201324, 252.32340496760193, 197.59853208668454, 245.93173849668122, 285.50708006064747, 285.9357812638084, 320.2029995218311, 338.7395035274156], [272.364339638919, 290.6625, 251.0189654327824, 243.7220298054732, 193.21024868084115, 197.22499999999997, 184.5315098431701, 214.8367177940028, 123.01890225692955, 100.33749999999999, 119.83692174159009, 175.7828938812022, 85.0, 0.0, 85.5, 150.25, 118.97071593463663, 108.38749999999999, 120.38492949700972, 175.25182773654603, 215.33749999999998, 189.1154491970447, 212.27345571220158, 309.92499999999995, 270.20344990447063, 269.5450041015621], [308.0342639671401, 262.4295173232233, 293.25, 313.8256807033541, 245.80799480997354, 190.4570899835445, 202.11249999999998, 156.14742195378216, 195.7957022798253, 124.53918183648064, 100.625, 101.89408716898146, 170.5, 85.5, 0.0, 64.75, 193.839142799513, 128.07471574241342, 95.1625, 98.64139597552338, 201.51165104730916, 192.625, 152.72344286323565, 290.15215147736615, 290.66249999999997, 212.90034347083616], [324.8094999380405, 256.3246494248607, 195.4024070845711, 362.7740784996221, 282.7127778221628, 206.26304807211588, 143.1502768345646, 106.94999999999999, 255.28804027400975, 169.91321544026525, 90.1384369317551, 52.324999999999996, 235.25, 150.25, 64.75, 0.0, 256.07860968905186, 174.97231923935857, 90.68644468717473, 55.199999999999996, 214.9427838111808, 142.3676530424397, 108.1, 277.0114998678355, 204.25678453304266, 158.98749999999998], [396.75, 344.1118185730339, 363.2352675199814, 261.21731088682543, 294.975, 266.4745974968554, 300.07200490049047, 333.8074337286394, 193.48749999999998, 189.71639246599773, 238.8076376762267, 291.9895607913254, 96.3125, 118.97071593463663, 193.839142799513, 256.07860968905186, 0.0, 93.0, 184.5, 250.5, 123.54923234281952, 191.37946802426325, 248.77901875682988, 202.09861889140288, 253.21493834290268, 288.72202994793616], [358.6586506084162, 399.04999999999995, 335.20848736271574, 310.2576872536762, 276.4884767540552, 305.61249999999995, 265.93437506324324, 284.0573479853046, 195.71184973066903, 208.725, 195.9913582278565, 229.9688029113949, 124.53918183648068, 108.38749999999999, 128.07471574241342, 174.97231923935857, 93.0, 0.0, 91.5, 157.5, 106.94999999999999, 121.39255666020054, 168.48772210460916, 201.53749999999997, 195.7118497306691, 214.2003216909349], [383.9049208869951, 347.97723009705044, 388.41249999999997, 364.10695930248295, 310.6032192509082, 272.7991528171922, 297.275, 223.57303057390448, 243.40383175393927, 193.62951142662237, 195.78749999999997, 152.2482784180169, 191.60307482201324, 120.38492949700972, 95.1625, 90.68644468717473, 184.5, 91.5, 0.0, 66.0, 124.25633912400608, 97.46249999999999, 91.88852621519186, 202.21042229027785, 195.5, 145.86150925728316], [396.46875, 327.12276968335976, 253.95753712788775, 414.43749999999994, 344.4493907854969, 273.84161937148997, 199.72418655346786, 162.14999999999998, 294.7913745949672, 223.18057781200403, 149.24356207325152, 107.52499999999999, 252.32340496760193, 175.25182773654603, 98.64139597552338, 55.199999999999996, 250.5, 157.5, 66.0, 0.0, 173.26731740651493, 92.04762524095882, 52.9, 220.06930797478324, 146.92364154659555, 103.7875], [450.7405774528181, 505.99999999999994, 425.24547988485415, 385.2465616734949, 365.83543133800697, 412.5625, 358.09172358489377, 357.65907300109126, 282.1410480716062, 315.67499999999995, 285.0398025934272, 286.2357018808974, 197.59853208668454, 215.33749999999998, 201.51165104730916, 214.9427838111808, 123.54923234281952, 106.94999999999999, 124.25633912400608, 173.26731740651493, 0.0, 86.25, 151.0, 94.58749999999999, 129.66570600008316, 175.25182773654603], [456.82353058921996, 427.8077371904346, 485.87499999999994, 428.94270833333326, 382.3256978778859, 347.77107481576957, 394.73749999999995, 277.9875121021906, 310.6933580327948, 265.3941526296312, 293.25, 204.24360837612517, 245.93173849668122, 189.1154491970447, 192.625, 142.3676530424397, 191.37946802426325, 121.39255666020054, 97.46249999999999, 92.04762524095882, 86.25, 0.0, 64.75, 128.02168273382443, 98.0375, 92.80776503073437], [465.42658024655185, 405.7048536574956, 316.68735444046376, 455.9954855176748, 398.8489583333333, 343.1805328467802, 270.01187965763654, 215.04999999999998, 335.2923579691311, 278.1232115111035, 217.10353752747653, 160.42499999999998, 285.50708006064747, 212.27345571220158, 152.72344286323565, 108.1, 248.77901875682988, 168.48772210460916, 91.88852621519186, 52.9, 151.0, 64.75, 0.0, 173.91018695004618, 93.60326015956923, 50.887499999999996], [549.2354392201148, 600.5875, 526.4250797314965, 467.674637675596, 463.6920870173438, 507.15, 458.5803199549671, 436.38683014614446, 374.6872237280048, 410.26249999999993, 378.5526352520214, 354.4587007082946, 285.9357812638084, 309.92499999999995, 290.15215147736615, 277.0114998678355, 202.09861889140288, 201.53749999999997, 202.21042229027785, 220.06930797478324, 94.58749999999999, 128.02168273382443, 173.91018695004618, 0.0, 81.25, 146.0], [542.5677895433896, 506.32661853763614, 583.9124999999999, 507.91478305365786, 465.57442340081354, 425.5896637020217, 492.775, 335.1330575308855, 391.4236994613382, 347.5262654192485, 391.28749999999997, 266.2753151844205, 320.2029995218311, 270.20344990447063, 290.66249999999997, 204.25678453304266, 253.21493834290268, 195.7118497306691, 195.5, 146.92364154659555, 129.66570600008316, 98.0375, 93.60326015956923, 81.25, 0.0, 64.75], [529.7664301442783, 475.32986079405947, 388.7011981079944, 516.2358838324297, 458.6821125548474, 410.1610775353994, 341.4558417277409, 265.9375, 395.43229166666663, 339.4910206839055, 281.62099893476625, 211.3125, 338.7395035274156, 269.5450041015621, 212.90034347083616, 158.98749999999998, 288.7220299479361, 214.2003216909349, 145.86150925728316, 103.7875, 175.25182773654603, 92.80776503073437, 50.887499999999996, 146.0, 64.75, 0.0]]